0: 6 3 5 4
1: 4 5 6 3
2: 13 10 12 11
3: 11 12 13 10
4: 23 20 22 21
5: 21 22 23 20
6: 30 27 29 28
7: 28 29 30 27
8: 1 2 3 5
9: 1 2 3 6
10: 3 6 7 9
11: 3 6 7 8
12: 5 6 7 9
13: 5 6 7 8
14: 3 6 10 13
15: 5 6 10 13
16: 3 6 10 12
17: 5 6 10 12
18: 10 13 14 16
19: 10 13 14 15
20: 12 13 14 16
21: 12 13 14 15
22: 14 16 17 19
23: 14 16 17 18
24: 15 16 17 19
25: 15 16 17 18
26: 14 15 24 26
27: 14 15 24 25
28: 16 15 24 26
29: 16 15 24 25
30: 17 18 20 22
31: 17 18 20 23
32: 19 18 20 22
33: 19 18 20 23
34: 24 25 27 30
35: 24 25 27 29
36: 26 25 27 30
37: 26 25 27 29
