0: 6 3 5
1: 3 6 5
2: 3 5 4
3: 3 5 6
4: 4 5 6
5: 8 7 9
6: 7 8 9
7: 7 9 8
8: 13 10 12
9: 10 13 12
10: 10 12 11
11: 10 12 13
12: 11 12 13
13: 16 14 15
14: 14 16 15
15: 14 15 16
16: 19 17 18
17: 17 19 18
18: 17 18 19
19: 23 20 22
20: 20 23 22
21: 20 22 21
22: 20 22 23
23: 21 22 23
24: 25 24 26
25: 24 25 26
26: 24 26 25
27: 30 27 29
28: 27 30 29
29: 27 29 28
30: 27 29 30
31: 28 29 30
32: 1 2 3
33: 2 3 5
34: 2 3 6
35: 12 10 6
36: 13 10 6
37: 10 6 3
38: 10 6 5
39: 3 6 7
40: 5 6 7
41: 6 7 8
42: 6 7 9
43: 10 13 14
44: 12 13 14
45: 13 14 16
46: 13 14 15
47: 16 15 24
48: 14 15 24
49: 15 24 25
50: 15 24 26
51: 14 16 17
52: 15 16 17
53: 16 17 18
54: 16 17 19
55: 17 18 20
56: 19 18 20
57: 18 20 22
58: 18 20 23
59: 24 25 27
60: 26 25 27
61: 25 27 29
62: 25 27 30
